Rank,Total Time,Computation Time,Derived Communication Time,Measured Communication Time,Message Size
1024,1.453089,0.801912,0.651177,0.651175,51200
512,1.456766,0.802372,0.654394,0.654389,51200
384,1.457060,0.801973,0.655087,0.655078,51200
576,1.456313,0.801906,0.654407,0.654403,51200
1101,1.348513,0.802297,0.546216,0.546213,51200
333,1.327123,0.802208,0.524915,0.524911,51200
589,1.352612,0.801887,0.550725,0.550724,51200
397,1.287110,0.801992,0.485118,0.485118,51200
1229,1.270962,0.802208,0.468754,0.468750,51200
1040,1.267882,0.809631,0.458251,0.458246,51200
208,1.210717,0.802260,0.408457,0.408452,51200
1104,1.430619,0.802226,0.628393,0.628383,51200
784,1.434438,0.801868,0.632570,0.632569,51200
656,1.430836,0.802795,0.628041,0.628038,51200
272,1.390312,0.802232,0.588080,0.588075,51200
16,1.276764,0.801190,0.475574,0.475574,51200
848,1.262249,0.802190,0.460059,0.460053,51200
336,1.431681,0.802392,0.629289,0.629287,51200
80,1.198415,0.801040,0.397375,0.397370,51200
912,1.390671,0.802161,0.588510,0.588508,51200
720,1.389109,0.801338,0.587771,0.587770,51200
400,1.317336,0.801138,0.516198,0.516196,51200
976,1.385656,0.802385,0.583271,0.583268,51200
144,1.430872,0.802300,0.628572,0.628566,51200
464,1.434205,0.803208,0.630997,0.630995,51200
1232,1.366032,0.802256,0.563776,0.563772,51200
1168,1.189399,0.808930,0.380469,0.380465,51200
528,1.406914,0.802036,0.604878,0.604871,51200
592,1.433853,0.802070,0.631783,0.631777,51200
637,1.340088,0.802202,0.537886,0.537880,51200
509,1.348791,0.802325,0.546466,0.546461,51200
1213,1.105517,0.802133,0.303384,0.303384,51200
485,1.234388,0.802333,0.432055,0.432051,51200
229,1.356423,0.802177,0.554246,0.554241,51200
37,1.125410,0.802640,0.322770,0.322760,51200
805,1.227594,0.802079,0.425515,0.425510,51200
293,1.317247,0.801739,0.515508,0.515503,51200
357,1.274006,0.802321,0.471685,0.471678,51200
613,1.357591,0.803204,0.554387,0.554384,51200
101,1.357840,0.802041,0.555799,0.555792,51200
933,1.266424,0.803261,0.463163,0.463160,51200
1125,1.121078,0.802121,0.318957,0.318949,51200
1061,1.357715,0.801797,0.555918,0.555915,51200
1253,1.118203,0.801415,0.316788,0.316784,51200
1262,1.356136,0.801563,0.554573,0.554568,51200
722,1.345392,0.802207,0.543185,0.543181,51200
594,1.392806,0.802119,0.590687,0.590681,51200
530,1.386431,0.801775,0.584656,0.584649,51200
146,1.388784,0.802504,0.586280,0.586279,51200
978,1.385549,0.802109,0.583440,0.583437,51200
1170,1.148791,0.808882,0.339909,0.339902,51200
786,1.392841,0.802242,0.590599,0.590592,51200
402,1.227440,0.808851,0.418589,0.418583,51200
338,1.391358,0.802342,0.589016,0.589012,51200
466,1.392819,0.802232,0.590587,0.590581,51200
1042,1.181060,0.804050,0.377010,0.377007,51200
1106,1.366102,0.802284,0.563818,0.563817,51200
210,1.219257,0.802312,0.416945,0.416942,51200
18,1.296183,0.801185,0.494998,0.494993,51200
1234,1.275051,0.802375,0.472676,0.472675,51200
850,1.264711,0.803386,0.461325,0.461319,51200
82,1.155850,0.802231,0.353619,0.353613,51200
274,1.325266,0.802022,0.523244,0.523239,51200
914,1.347910,0.802086,0.545824,0.545817,51200
863,1.354416,0.802043,0.552373,0.552368,51200
543,1.355079,0.801993,0.553086,0.553082,51200
1183,1.349719,0.801787,0.547932,0.547927,51200
99,1.335937,0.805100,0.530837,0.530832,51200
582,1.383209,0.801786,0.581423,0.581421,51200
454,1.379959,0.802024,0.577935,0.577934,51200
966,1.119909,0.802162,0.317747,0.317745,51200
70,1.256629,0.802200,0.454429,0.454427,51200
635,1.360440,0.802299,0.558141,0.558135,51200
39,1.096875,0.800743,0.296132,0.296126,51200
1127,1.086157,0.806034,0.280123,0.280113,51200
167,1.064872,0.802055,0.262817,0.262812,51200
743,1.331489,0.806600,0.524889,0.524884,51200
679,1.289118,0.801015,0.488103,0.488100,51200
999,1.250874,0.806946,0.443928,0.443926,51200
551,1.332319,0.802650,0.529669,0.529666,51200
807,1.160644,0.801973,0.358671,0.358667,51200
1191,1.286866,0.802125,0.484741,0.484738,51200
103,1.329389,0.806415,0.522974,0.522971,51200
615,1.329298,0.805051,0.524247,0.524240,51200
935,1.285577,0.802114,0.483463,0.483455,51200
231,1.288772,0.904937,0.383835,0.383833,51200
359,1.196066,0.803273,0.392793,0.392786,51200
487,1.254901,0.882256,0.372645,0.372640,51200
1255,1.128766,0.805835,0.322931,0.322925,51200
423,1.332400,0.810138,0.522262,0.522260,51200
295,1.328322,0.802070,0.526252,0.526247,51200
1063,1.329562,0.808928,0.520634,0.520630,51200
605,1.250449,0.809694,0.440755,0.440750,51200
1194,1.310312,0.801806,0.508506,0.508502,51200
1066,1.387316,0.801944,0.585372,0.585366,51200
810,1.295682,0.801963,0.493719,0.493713,51200
938,1.386513,0.801843,0.584670,0.584665,51200
234,1.304356,0.802326,0.502030,0.502030,51200
490,1.384826,0.802297,0.582529,0.582519,51200
362,1.209141,0.802390,0.406751,0.406746,51200
426,1.393418,0.801882,0.591536,0.591531,51200
1130,1.148941,0.802029,0.346912,0.346909,51200
42,1.156122,0.801964,0.354158,0.354150,51200
554,1.393180,0.802013,0.591167,0.591163,51200
618,1.393385,0.801879,0.591506,0.591499,51200
106,1.387035,0.802318,0.584717,0.584712,51200
682,1.346144,0.802820,0.543324,0.543319,51200
1258,1.264634,0.801330,0.463304,0.463293,51200
696,1.357584,0.801828,0.555756,0.555750,51200
339,1.360897,0.802259,0.558638,0.558632,51200
1043,1.124016,0.801992,0.322024,0.322019,51200
915,1.315555,0.802242,0.513313,0.513306,51200
979,1.355764,0.802069,0.553695,0.553689,51200
467,1.361185,0.802224,0.558961,0.558958,51200
531,1.355518,0.801849,0.553669,0.553668,51200
659,1.361150,0.801704,0.559446,0.559439,51200
147,1.354557,0.801925,0.552632,0.552631,51200
19,1.283563,0.801148,0.482415,0.482410,51200
275,1.272420,0.812377,0.460043,0.460034,51200
723,1.313029,0.802174,0.510855,0.510851,51200
1235,1.224353,0.802267,0.422086,0.422082,51200
83,1.123782,0.803585,0.320197,0.320195,51200
211,1.201909,0.801981,0.399928,0.399922,51200
787,1.360794,0.802565,0.558229,0.558228,51200
595,1.360844,0.802143,0.558701,0.558694,51200
403,1.175689,0.802849,0.372840,0.372836,51200
1107,1.312006,0.802087,0.509919,0.509909,51200
851,1.263995,0.802256,0.461739,0.461735,51200
1171,1.117169,0.808261,0.308908,0.308897,51200
1189,1.293745,0.802003,0.491742,0.491731,51200
741,1.360436,0.801872,0.558564,0.558561,51200
677,1.335268,0.807245,0.528023,0.528016,51200
951,1.316255,0.808804,0.507451,0.507445,51200
1207,1.118200,0.802223,0.315977,0.315970,51200
1143,1.356380,0.802968,0.553412,0.553410,51200
823,1.358666,0.802056,0.556610,0.556606,51200
567,1.332610,0.801932,0.530678,0.530675,51200
887,1.132940,0.802180,0.330760,0.330756,51200
1015,1.264121,0.802435,0.461686,0.461682,51200
375,1.357513,0.802113,0.555400,0.555397,51200
311,1.354532,0.802033,0.552499,0.552492,51200
55,1.202378,0.802022,0.400356,0.400346,51200
183,1.358272,0.808046,0.550226,0.550223,51200
439,1.271963,0.801303,0.470660,0.470650,51200
503,1.359395,0.802028,0.557367,0.557360,51200
631,1.359244,0.802118,0.557126,0.557119,51200
1079,1.223734,0.801372,0.422362,0.422355,51200
695,1.356414,0.801922,0.554492,0.554487,51200
1271,1.291593,0.801905,0.489688,0.489681,51200
247,1.136178,0.802268,0.333910,0.333906,51200
119,1.124342,0.801291,0.323051,0.323047,51200
759,1.316182,0.801307,0.514875,0.514868,51200
242,1.148442,0.802320,0.346122,0.346116,51200
498,1.391711,0.801929,0.589782,0.589774,51200
1138,1.295986,0.802920,0.493066,0.493057,51200
818,1.389600,0.801854,0.587746,0.587736,51200
1266,1.315640,0.801413,0.514227,0.514222,51200
626,1.390440,0.802711,0.587729,0.587724,51200
50,1.148252,0.802229,0.346023,0.346020,51200
754,1.384763,0.802047,0.582716,0.582709,51200
370,1.314841,0.802090,0.512751,0.512746,51200
562,1.325556,0.802148,0.523408,0.523404,51200
306,1.390964,0.811203,0.579761,0.579758,51200
114,1.228780,0.802336,0.426444,0.426437,51200
1010,1.165511,0.802002,0.363509,0.363507,51200
178,1.386421,0.802072,0.584349,0.584342,51200
690,1.364969,0.802062,0.562907,0.562900,51200
946,1.388878,0.801980,0.586898,0.586893,51200
434,1.387067,0.801978,0.585089,0.585086,51200
882,1.274602,0.803833,0.470769,0.470765,51200
1074,1.346211,0.805444,0.540767,0.540762,51200
1202,1.152887,0.802135,0.350752,0.350749,51200
1081,1.156613,0.802280,0.354333,0.354328,51200
953,1.323497,0.802044,0.521453,0.521445,51200
185,1.365534,0.802122,0.563412,0.563409,51200
441,1.250769,0.801892,0.448877,0.448871,51200
505,1.367717,0.802010,0.565707,0.565703,51200
57,1.271507,0.802227,0.469280,0.469277,51200
121,1.132090,0.803046,0.329044,0.329040,51200
773,1.358055,0.810748,0.547307,0.547304,51200
540,1.401003,0.801879,0.599124,0.599118,51200
1052,1.196774,0.811986,0.384788,0.384779,51200
1244,1.160315,0.801502,0.358813,0.358810,51200
604,1.311819,0.802120,0.509699,0.509698,51200
924,1.213686,0.802051,0.411635,0.411625,51200
92,1.195216,0.802178,0.393038,0.393031,51200
284,1.133085,0.808956,0.324129,0.324123,51200
220,1.401031,0.802292,0.598739,0.598737,51200
156,1.213924,0.802290,0.411634,0.411629,51200
796,1.356267,0.802252,0.554015,0.554011,51200
252,1.304910,0.802157,0.502753,0.502748,51200
1212,1.156935,0.802073,0.354862,0.354857,51200
1148,1.332284,0.803138,0.529146,0.529139,51200
636,1.395408,0.803220,0.592188,0.592187,51200
105,1.354312,0.802298,0.552014,0.552009,51200
603,1.292267,0.767454,0.524813,0.524809,51200
731,1.332099,0.751151,0.580948,0.580937,51200
1051,1.131542,0.747160,0.384382,0.384375,51200
539,1.359282,0.740875,0.618407,0.618401,51200
1179,1.263259,0.741079,0.522180,0.522173,51200
475,1.352261,0.746327,0.605934,0.605928,51200
283,1.105802,0.756768,0.349034,0.349028,51200
219,1.359235,0.769458,0.589777,0.589771,51200
27,1.282520,0.736471,0.546049,0.546049,51200
1243,1.119644,0.750448,0.369196,0.369192,51200
795,1.315092,0.741361,0.573731,0.573727,51200
923,1.192804,0.746163,0.446641,0.446636,51200
859,1.356481,0.751247,0.605234,0.605227,51200
347,1.357715,0.747017,0.610698,0.610693,51200
867,1.361391,0.804644,0.556747,0.556744,51200
355,1.315596,0.807937,0.507659,0.507654,51200
995,1.318055,0.802962,0.515093,0.515088,51200
931,1.205705,0.802052,0.403653,0.403649,51200
739,1.360773,0.805909,0.554864,0.554861,51200
1123,1.122940,0.807132,0.315808,0.315805,51200
611,1.356694,0.803170,0.553524,0.553517,51200
483,1.226184,0.806930,0.419254,0.419250,51200
175,1.277609,0.801820,0.475789,0.475781,51200
623,1.354681,0.801953,0.552728,0.552721,51200
943,1.351095,0.802246,0.548849,0.548845,51200
687,1.255980,0.801919,0.454061,0.454056,51200
367,1.196738,0.802353,0.394385,0.394382,51200
559,1.307781,0.802035,0.505746,0.505743,51200
1199,1.142938,0.801268,0.341670,0.341662,51200
1007,1.079170,0.802003,0.277167,0.277157,51200
47,1.108366,0.801917,0.306449,0.306441,51200
303,1.354781,0.801827,0.552954,0.552948,51200
495,1.353621,0.801999,0.551622,0.551618,51200
431,1.354496,0.815654,0.538842,0.538833,51200
751,1.354172,0.802281,0.551891,0.551885,51200
239,1.139625,0.801428,0.338197,0.338194,51200
1135,1.181277,0.804017,0.377260,0.377254,51200
1071,1.308969,0.801917,0.507052,0.507046,51200
892,1.304536,0.802269,0.502267,0.502262,51200
828,1.400280,0.801946,0.598334,0.598332,51200
1084,1.159496,0.801984,0.357512,0.357506,51200
572,1.395541,0.801975,0.593566,0.593561,51200
1276,1.215904,0.801352,0.414552,0.414545,51200
60,1.373581,0.801934,0.571647,0.571644,51200
956,1.355425,0.802095,0.553330,0.553326,51200
124,1.155360,0.801921,0.353439,0.353435,51200
444,1.226998,0.802069,0.424929,0.424924,51200
700,1.400599,0.802918,0.597681,0.597678,51200
380,1.400768,0.801972,0.598796,0.598788,51200
764,1.311863,0.802128,0.509735,0.509729,51200
316,1.312288,0.802086,0.510202,0.510197,51200
188,1.394963,0.819400,0.575563,0.575556,51200
404,1.182142,0.807050,0.375092,0.375086,51200
874,1.348550,0.802313,0.546237,0.546235,51200
170,1.184070,0.809864,0.374206,0.374202,51200
298,1.393188,0.806406,0.586782,0.586774,51200
1002,1.205980,0.802036,0.403944,0.403938,51200
746,1.393239,0.803802,0.589437,0.589431,51200
854,1.354976,0.803297,0.551679,0.551676,51200
214,1.304950,0.802274,0.502676,0.502671,51200
342,1.382158,0.802252,0.579906,0.579900,51200
982,1.377027,0.802171,0.574856,0.574851,51200
278,1.218100,0.802300,0.415800,0.415794,51200
662,1.382113,0.801966,0.580147,0.580139,51200
790,1.381711,0.801870,0.579841,0.579833,51200
22,1.375416,0.814108,0.561308,0.561307,51200
534,1.376601,0.802293,0.574308,0.574307,51200
1174,1.152961,0.802043,0.350918,0.350914,51200
86,1.135751,0.802233,0.333518,0.333512,51200
1110,1.336413,0.802050,0.534363,0.534357,51200
918,1.336440,0.803638,0.532802,0.532798,51200
1046,1.127051,0.802078,0.324973,0.324965,51200
598,1.372976,0.874289,0.498687,0.498681,51200
1219,1.234847,0.831980,0.402867,0.402867,51200
195,1.225748,0.802234,0.423514,0.423506,51200
771,1.317055,0.801986,0.515069,0.515062,51200
387,1.363651,0.801677,0.561974,0.561970,51200
515,1.358289,0.802044,0.556245,0.556240,51200
131,1.157808,0.801912,0.355896,0.355890,51200
899,1.359423,0.801875,0.557548,0.557540,51200
323,1.119621,0.801998,0.317623,0.317617,51200
835,1.318736,0.802065,0.516671,0.516661,51200
707,1.362697,0.802101,0.560596,0.560592,51200
1155,1.280567,0.802225,0.478342,0.478337,51200
67,1.317512,0.802105,0.515407,0.515400,51200
75,1.152498,0.802248,0.350250,0.350245,51200
973,1.226279,0.802192,0.424087,0.424083,51200
77,1.118318,0.805641,0.312677,0.312674,51200
310,1.378983,0.802087,0.576896,0.576893,51200
1206,1.140876,0.801936,0.338940,0.338934,51200
822,1.379629,0.801924,0.577705,0.577702,51200
886,1.163604,0.802162,0.361442,0.361439,51200
502,1.380649,0.801937,0.578712,0.578708,51200
758,1.337629,0.803327,0.534302,0.534299,51200
374,1.376817,0.802042,0.574775,0.574769,51200
1270,1.298311,0.801344,0.496967,0.496960,51200
54,1.205594,0.802886,0.402708,0.402705,51200
694,1.376344,0.813670,0.562674,0.562671,51200
566,1.333802,0.801842,0.531960,0.531957,51200
438,1.314453,0.802077,0.512376,0.512371,51200
182,1.379244,0.817696,0.561548,0.561541,51200
1078,1.264587,0.802523,0.462064,0.462058,51200
630,1.380034,0.801854,0.578180,0.578176,51200
1142,1.375719,0.802160,0.573559,0.573558,51200
950,1.354200,0.801658,0.552542,0.552537,51200
1014,1.252974,0.802455,0.450519,0.450515,51200
118,1.145730,0.802299,0.343431,0.343428,51200
189,1.321390,0.802084,0.519306,0.519300,51200
317,1.231919,0.812740,0.419179,0.419174,51200
573,1.343542,0.801927,0.541615,0.541612,51200
1277,1.134724,0.801290,0.333434,0.333432,51200
253,1.271906,0.801946,0.469960,0.469953,51200
261,1.363207,0.802451,0.560756,0.560752,51200
997,1.314349,0.802134,0.512215,0.512213,51200
165,1.115251,0.801971,0.313280,0.313274,51200
706,1.394710,0.802062,0.592648,0.592645,51200
166,1.126652,0.802018,0.324634,0.324627,51200
985,1.364456,0.802106,0.562350,0.562340,51200
153,1.250448,0.802089,0.448359,0.448352,51200
89,1.122301,0.802059,0.320242,0.320238,51200
857,1.364354,0.802261,0.562093,0.562090,51200
473,1.367658,0.802130,0.565528,0.565520,51200
281,1.154450,0.802828,0.351622,0.351621,51200
665,1.367258,0.802079,0.565179,0.565174,51200
246,1.129381,0.802124,0.327257,0.327251,51200
1238,1.168428,0.801901,0.366527,0.366521,51200
406,1.223548,0.801992,0.421556,0.421549,51200
470,1.381940,0.852999,0.528941,0.528936,51200
150,1.304158,0.801871,0.502287,0.502281,51200
726,1.263500,0.802050,0.461450,0.461446,51200
435,1.333246,0.802215,0.531031,0.531025,51200
819,1.358123,0.801848,0.556275,0.556267,51200
132,1.216088,0.810498,0.405590,0.405583,51200
260,1.391397,0.807229,0.584168,0.584163,51200
4,1.150883,0.801010,0.349873,0.349866,51200
452,1.384730,0.802269,0.582461,0.582456,51200
708,1.390925,0.802170,0.588755,0.588750,51200
836,1.346062,0.802248,0.543814,0.543812,51200
471,1.360066,0.801899,0.558167,0.558160,51200
63,1.350206,0.802065,0.548141,0.548136,51200
767,1.197821,0.803196,0.394625,0.394623,51200
959,1.288207,0.801278,0.486929,0.486926,51200
319,1.191978,0.811489,0.380489,0.380487,51200
1087,1.100459,0.802100,0.298359,0.298354,51200
255,1.329067,0.802046,0.527021,0.527018,51200
1215,1.131356,0.804571,0.326785,0.326783,51200
447,1.257968,0.802042,0.455926,0.455922,51200
127,1.101828,0.802161,0.299667,0.299657,51200
383,1.355170,0.802014,0.553156,0.553150,51200
639,1.310224,0.801217,0.509007,0.508999,51200
1151,1.309419,0.802351,0.507068,0.507061,51200
575,1.351338,0.801841,0.549497,0.549494,51200
1279,1.117602,0.800574,0.317028,0.317024,51200
191,1.308011,0.802096,0.505915,0.505913,51200
703,1.354516,0.801951,0.552565,0.552557,51200
511,1.355124,0.802225,0.552899,0.552890,51200
1023,1.351734,0.802229,0.549505,0.549498,51200
895,1.327682,0.802181,0.525501,0.525494,51200
812,1.357655,0.810608,0.547047,0.547041,51200
180,1.389192,0.802028,0.587164,0.587161,51200
884,1.222856,0.802203,0.420653,0.420652,51200
436,1.342677,0.801693,0.540984,0.540976,51200
820,1.386829,0.811552,0.575277,0.575274,51200
52,1.165462,0.802852,0.362610,0.362608,51200
1076,1.322055,0.801964,0.520091,0.520085,51200
756,1.341065,0.802043,0.539022,0.539016,51200
1268,1.259633,0.802413,0.457220,0.457217,51200
628,1.388455,0.801990,0.586465,0.586461,51200
692,1.382987,0.802019,0.580968,0.580962,51200
1012,1.213114,0.802104,0.411010,0.411006,51200
116,1.172454,0.802207,0.370247,0.370243,51200
948,1.384644,0.801813,0.582831,0.582828,51200
308,1.387977,0.801740,0.586237,0.586234,51200
1140,1.340851,0.802109,0.538742,0.538736,51200
500,1.385511,0.805908,0.579603,0.579595,51200
244,1.131434,0.801966,0.329468,0.329464,51200
1204,1.148809,0.801979,0.346830,0.346825,51200
779,1.364280,0.802069,0.562211,0.562207,51200
508,1.399892,0.802548,0.597344,0.597340,51200
1020,1.395714,0.801905,0.593809,0.593808,51200
1038,1.300411,0.803094,0.497317,0.497311,51200
462,1.381197,0.802366,0.578831,0.578828,51200
412,1.393996,0.802074,0.591922,0.591919,51200
988,1.394933,0.802032,0.592901,0.592895,51200
668,1.400670,0.801744,0.598926,0.598922,51200
476,1.374333,0.802333,0.572000,0.571994,51200
732,1.393256,0.804495,0.588761,0.588757,51200
860,1.398058,0.802230,0.595828,0.595822,51200
1116,1.318714,0.802124,0.516590,0.516584,51200
1180,1.321507,0.801872,0.519635,0.519632,51200
28,1.304386,0.801140,0.503246,0.503241,51200
348,1.400762,0.802196,0.598566,0.598562,51200
421,1.362149,0.808220,0.553929,0.553927,51200
549,1.361375,0.801704,0.559671,0.559666,51200
869,1.362025,0.802185,0.559840,0.559833,51200
733,1.337853,0.803989,0.533864,0.533858,51200
1227,1.241002,0.802067,0.438935,0.438933,51200
1100,1.375551,0.802122,0.573429,0.573419,51200
524,1.274862,0.802319,0.472543,0.472536,51200
652,1.396306,0.802044,0.594262,0.594252,51200
922,1.254705,0.803436,0.451269,0.451261,51200
866,1.394101,0.803195,0.590906,0.590902,51200
738,1.391798,0.802166,0.589632,0.589629,51200
34,1.227222,0.801728,0.425494,0.425488,51200
564,1.290821,0.803028,0.487793,0.487787,51200
372,1.362561,0.801981,0.560580,0.560572,51200
916,1.344286,0.802159,0.542127,0.542122,51200
459,1.366222,0.802092,0.564130,0.564124,51200
658,1.392804,0.801845,0.590959,0.590956,51200
1029,1.317962,0.801806,0.516156,0.516151,51200
1088,1.209044,0.803154,0.405890,0.405884,51200
768,1.329019,0.802013,0.527006,0.527002,51200
832,1.449557,0.803634,0.645923,0.645917,51200
1216,1.252640,0.802526,0.450114,0.450109,51200
960,1.339708,0.801233,0.538475,0.538464,51200
1152,1.410742,0.802580,0.608162,0.608155,51200
0,1.219525,0.800019,0.419506,0.419502,51200
256,1.452404,0.812991,0.639413,0.639408,51200
704,1.456270,0.802495,0.653775,0.653772,51200
192,1.389477,0.802221,0.587256,0.587250,51200
448,1.378658,0.802396,0.576262,0.576259,51200
320,1.292739,0.801248,0.491491,0.491484,51200
640,1.411511,0.801233,0.610278,0.610273,51200
896,1.452687,0.807565,0.645122,0.645118,51200
678,1.338296,0.802025,0.536271,0.536267,51200
241,1.122772,0.802100,0.320672,0.320668,51200
634,1.389708,0.802351,0.587357,0.587351,51200
1260,1.325519,0.801149,0.524370,0.524367,51200
1039,1.237818,0.808937,0.428881,0.428877,51200
591,1.352806,0.801942,0.550864,0.550858,51200
847,1.150499,0.803444,0.347055,0.347050,51200
207,1.102016,0.802160,0.299856,0.299853,51200
781,1.352363,0.802351,0.550012,0.550010,51200
525,1.256454,0.802856,0.453598,0.453593,51200
461,1.353635,0.801962,0.551673,0.551667,51200
717,1.310147,0.803342,0.506805,0.506801,51200
13,1.130184,0.801248,0.328936,0.328931,51200
1037,1.286923,0.802255,0.484668,0.484665,51200
141,1.351185,0.801861,0.549324,0.549319,51200
269,1.351664,0.801848,0.549816,0.549810,51200
1165,1.113650,0.801951,0.311699,0.311694,51200
205,1.098827,0.801993,0.296834,0.296831,51200
909,1.349886,0.816686,0.533200,0.533198,51200
845,1.187553,0.802874,0.384679,0.384676,51200
653,1.348683,0.801909,0.546774,0.546770,51200
1208,1.118926,0.809943,0.308983,0.308979,51200
775,1.329811,0.811273,0.518538,0.518533,51200
1159,1.145606,0.809024,0.336582,0.336581,51200
222,1.384972,0.801943,0.583029,0.583024,51200
926,1.142611,0.802133,0.340478,0.340475,51200
30,1.267543,0.801343,0.466200,0.466194,51200
1182,1.357714,0.802068,0.555646,0.555637,51200
158,1.148926,0.801785,0.347141,0.347136,51200
990,1.341087,0.801902,0.539185,0.539182,51200
798,1.341107,0.802109,0.538998,0.538995,51200
1118,1.248707,0.802799,0.445908,0.445902,51200
1246,1.143168,0.802365,0.340803,0.340801,51200
478,1.337814,0.802086,0.535728,0.535722,51200
542,1.385339,0.801859,0.583480,0.583478,51200
350,1.383864,0.802836,0.581028,0.581019,51200
862,1.382968,0.801929,0.581039,0.581032,51200
94,1.227200,0.801926,0.425274,0.425267,51200
1054,1.227094,0.802055,0.425039,0.425037,51200
734,1.381160,0.812592,0.568568,0.568563,51200
606,1.306559,0.801864,0.504695,0.504691,51200
286,1.159056,0.809431,0.349625,0.349619,51200
414,1.382365,0.802156,0.580209,0.580204,51200
117,1.131211,0.802109,0.329102,0.329102,51200
996,1.344483,0.802118,0.542365,0.542363,51200
788,1.389487,0.801973,0.587514,0.587510,51200
701,1.349159,0.801906,0.547253,0.547248,51200
957,1.302734,0.801940,0.500794,0.500786,51200
829,1.348556,0.802025,0.546531,0.546529,51200
381,1.349870,0.803689,0.546181,0.546176,51200
763,1.292669,0.802880,0.489789,0.489781,51200
1169,1.121619,0.802191,0.319428,0.319422,51200
900,1.387699,0.801708,0.585991,0.585986,51200
388,1.391370,0.802034,0.589336,0.589327,51200
324,1.136650,0.802335,0.334315,0.334309,51200
1062,1.378515,0.801891,0.576624,0.576621,51200
1190,1.334665,0.801763,0.532902,0.532902,51200
486,1.284637,0.802038,0.482599,0.482595,51200
794,1.362039,0.801923,0.560116,0.560112,51200
871,1.325904,0.804992,0.520912,0.520904,51200
1167,1.111224,0.808543,0.302681,0.302676,51200
143,1.350447,0.801763,0.548684,0.548681,51200
79,1.118412,0.801570,0.316842,0.316842,51200
335,1.350472,0.802177,0.548295,0.548293,51200
1231,1.306401,0.802003,0.504398,0.504394,51200
655,1.350440,0.801823,0.548617,0.548610,51200
975,1.275833,0.802107,0.473726,0.473721,51200
911,1.327151,0.801998,0.525153,0.525146,51200
399,1.237000,0.801182,0.435818,0.435815,51200
527,1.306468,0.802201,0.504267,0.504265,51200
15,1.178127,0.803105,0.375022,0.375020,51200
266,1.391249,0.802259,0.588990,0.588989,51200
1044,1.146358,0.801872,0.344486,0.344480,51200
1027,1.357759,0.807111,0.550648,0.550645,51200
643,1.315618,0.802660,0.512958,0.512957,51200
963,1.176254,0.803188,0.373066,0.373062,51200
1091,1.119733,0.801957,0.317776,0.317771,51200
579,1.363698,0.824508,0.539190,0.539187,51200
3,1.125768,0.801217,0.324551,0.324546,51200
451,1.355138,0.801954,0.553184,0.553182,51200
259,1.363718,0.809820,0.553898,0.553892,51200
499,1.359765,0.973670,0.386095,0.386091,51200
563,1.272168,0.802067,0.470101,0.470098,51200
691,1.352188,0.802039,0.550149,0.550145,51200
243,1.115179,0.833121,0.282058,0.282054,51200
307,1.359149,0.802102,0.557047,0.557040,51200
1203,1.120215,0.802009,0.318206,0.318204,51200
883,1.225790,0.802244,0.423546,0.423543,51200
51,1.116968,0.818799,0.298169,0.298165,51200
1011,1.156899,0.802255,0.354644,0.354640,51200
627,1.359245,0.983103,0.376142,0.376138,51200
1075,1.312696,0.801966,0.510730,0.510727,51200
179,1.359038,0.801953,0.557085,0.557080,51200
1205,1.126668,0.802093,0.324575,0.324571,51200
1209,1.123396,0.802020,0.321376,0.321372,51200
697,1.364216,0.801934,0.562282,0.562277,51200
825,1.367910,0.801791,0.566119,0.566114,51200
313,1.322584,0.801923,0.520661,0.520657,51200
1273,1.250474,0.801502,0.448972,0.448963,51200
889,1.195751,0.802294,0.393457,0.393453,51200
569,1.361279,0.817354,0.543925,0.543921,51200
1145,1.341477,0.802154,0.539323,0.539320,51200
1017,1.319126,0.802108,0.517018,0.517012,51200
288,1.284123,0.801875,0.482248,0.482242,51200
661,1.368223,0.801974,0.566249,0.566241,51200
1045,1.122632,0.808581,0.314051,0.314048,51200
277,1.230131,0.802041,0.428090,0.428083,51200
917,1.322110,0.801862,0.520248,0.520247,51200
533,1.362600,0.811484,0.551116,0.551112,51200
853,1.322236,0.803459,0.518777,0.518769,51200
469,1.368171,0.802072,0.566099,0.566092,51200
341,1.368175,0.801977,0.566198,0.566194,51200
1237,1.181744,0.802096,0.379648,0.379643,51200
1109,1.322167,0.803150,0.519017,0.519014,51200
1173,1.123557,0.802092,0.321465,0.321459,51200
597,1.361660,0.802230,0.559430,0.559429,51200
21,1.340935,0.802038,0.538897,0.538891,51200
213,1.271127,0.801968,0.469159,0.469156,51200
981,1.362491,0.802037,0.560454,0.560453,51200
725,1.278542,0.802178,0.476364,0.476357,51200
1115,1.291786,0.747000,0.544786,0.544784,51200
987,1.354589,0.748531,0.606058,0.606056,51200
667,1.358140,0.738119,0.620021,0.620014,51200
91,1.135334,0.751176,0.384158,0.384149,51200
411,1.332440,0.743494,0.588946,0.588945,51200
155,1.195841,0.739046,0.456795,0.456791,51200
783,1.352250,0.801908,0.550342,0.550335,51200
271,1.326622,0.802003,0.524619,0.524607,51200
463,1.353300,0.802185,0.551115,0.551112,51200
719,1.311162,0.803449,0.507713,0.507708,51200
1103,1.350468,0.802115,0.548353,0.548348,51200
10,1.148250,0.801302,0.346948,0.346945,51200
1162,1.152743,0.802170,0.350573,0.350566,51200
1034,1.347816,0.802118,0.545698,0.545695,51200
1226,1.297106,0.802099,0.495007,0.494999,51200
202,1.150048,0.801994,0.348054,0.348051,51200
842,1.305936,0.802605,0.503331,0.503327,51200
330,1.297145,0.802287,0.494858,0.494855,51200
778,1.389762,0.802061,0.587701,0.587697,51200
586,1.391276,0.803806,0.587470,0.587467,51200
522,1.304654,0.802226,0.502428,0.502422,51200
650,1.384524,0.801722,0.582802,0.582793,51200
906,1.391826,0.812528,0.579298,0.579294,51200
458,1.392305,0.801850,0.590455,0.590451,51200
74,1.208080,0.801935,0.406145,0.406142,51200
970,1.188890,0.803188,0.385702,0.385699,51200
1098,1.313696,0.802121,0.511575,0.511570,51200
714,1.388607,0.801859,0.586748,0.586745,51200
133,1.203717,0.801941,0.401776,0.401773,51200
446,1.257314,0.802117,0.455197,0.455191,51200
405,1.193988,0.802096,0.391892,0.391887,51200
149,1.322836,0.802047,0.520789,0.520786,51200
841,1.290477,0.802238,0.488239,0.488236,51200
1097,1.261560,0.803186,0.458374,0.458373,51200
1225,1.280377,0.802047,0.478330,0.478326,51200
649,1.331177,0.801939,0.529238,0.529233,51200
905,1.357483,0.802701,0.554782,0.554779,51200
137,1.313032,0.801810,0.511222,0.511217,51200
1161,1.118723,0.802010,0.316713,0.316706,51200
265,1.356295,0.801904,0.554391,0.554388,51200
9,1.112888,0.801141,0.311747,0.311745,51200
521,1.291304,0.802039,0.489265,0.489263,51200
777,1.355129,0.816342,0.538787,0.538780,51200
1033,1.313272,0.802726,0.510546,0.510539,51200
585,1.357437,0.801976,0.555461,0.555456,51200
969,1.131267,0.802054,0.329213,0.329204,51200
201,1.115483,0.802133,0.313350,0.313340,51200
713,1.357635,0.802245,0.555390,0.555388,51200
457,1.357673,0.802098,0.555575,0.555571,51200
329,1.230643,0.801962,0.428681,0.428675,51200
73,1.194318,0.802673,0.391645,0.391639,51200
393,1.352798,0.801944,0.550854,0.550844,51200
944,1.431114,0.802673,0.628441,0.628434,51200
688,1.355922,0.801746,0.554176,0.554170,51200
816,1.430994,0.801816,0.629178,0.629173,51200
1264,1.407553,0.801401,0.606152,0.606145,51200
1072,1.389486,0.801745,0.587741,0.587736,51200
1200,1.197066,0.801178,0.395888,0.395882,51200
48,1.188788,0.807922,0.380866,0.380859,51200
112,1.317121,0.803225,0.513896,0.513891,51200
304,1.434616,0.808694,0.625922,0.625915,51200
432,1.434456,0.802193,0.632263,0.632256,51200
880,1.367053,0.801063,0.565990,0.565985,51200
240,1.219952,0.801116,0.418836,0.418834,51200
176,1.389766,0.801807,0.587959,0.587956,51200
1008,1.160514,0.801832,0.358682,0.358676,51200
624,1.433825,0.801732,0.632093,0.632090,51200
496,1.434340,0.802347,0.631993,0.631989,51200
752,1.434207,0.802007,0.632200,0.632195,51200
1136,1.277161,0.803298,0.473863,0.473859,51200
560,1.388182,0.802374,0.585808,0.585799,51200
368,1.307007,0.802203,0.504804,0.504800,51200
425,1.358449,0.801829,0.556620,0.556615,51200
1049,1.122027,0.801848,0.320179,0.320175,51200
537,1.367800,0.802246,0.565554,0.565549,51200
921,1.250623,0.802214,0.448409,0.448408,51200
217,1.362135,0.804325,0.557810,0.557807,51200
1177,1.210511,0.802040,0.408471,0.408465,51200
345,1.368138,0.801983,0.566155,0.566150,51200
793,1.360996,0.815943,0.545053,0.545050,51200
25,1.341042,0.801093,0.539949,0.539948,51200
729,1.289253,0.802083,0.487170,0.487167,51200
601,1.321149,0.802273,0.518876,0.518872,51200
1241,1.130743,0.801295,0.329448,0.329442,51200
1113,1.321609,0.802728,0.518881,0.518874,51200
409,1.289263,0.802178,0.487085,0.487081,51200
728,1.288344,0.802514,0.485830,0.485827,51200
152,1.297594,0.802083,0.495511,0.495508,51200
536,1.386541,0.801843,0.584698,0.584692,51200
472,1.380369,0.802184,0.578185,0.578178,51200
984,1.383252,0.803182,0.580070,0.580064,51200
920,1.304583,0.801056,0.503527,0.503524,51200
1112,1.340514,0.802292,0.538222,0.538217,51200
664,1.386198,0.809613,0.576585,0.576582,51200
792,1.382404,0.802158,0.580246,0.580240,51200
24,1.372251,0.801606,0.570645,0.570640,51200
216,1.360226,0.803226,0.557000,0.556995,51200
1240,1.149270,0.800265,0.349005,0.349003,51200
811,1.288536,0.801983,0.486553,0.486547,51200
1195,1.249669,0.802050,0.447619,0.447616,51200
1259,1.270635,0.802211,0.468424,0.468419,51200
43,1.129754,0.802268,0.327486,0.327482,51200
491,1.361007,0.802006,0.559001,0.558998,51200
747,1.367479,0.802161,0.565318,0.565313,51200
299,1.367664,0.802741,0.564923,0.564914,51200
171,1.193081,0.802107,0.390974,0.390970,51200
683,1.319888,0.801884,0.518004,0.518001,51200
939,1.362846,0.801884,0.560962,0.560959,51200
1067,1.340551,0.801947,0.538604,0.538600,51200
363,1.152777,0.802037,0.350740,0.350735,51200
1131,1.123587,0.802159,0.321428,0.321424,51200
619,1.367776,0.802842,0.564934,0.564928,51200
670,1.384531,0.801784,0.582747,0.582740,51200
445,1.190996,0.801947,0.389049,0.389046,51200
61,1.342568,0.808078,0.534490,0.534484,51200
1149,1.301827,0.803093,0.498734,0.498728,51200
1085,1.105273,0.802080,0.303193,0.303189,51200
1021,1.344154,0.806690,0.537464,0.537457,51200
125,1.102824,0.802292,0.300532,0.300524,51200
893,1.270154,0.803059,0.467095,0.467087,51200
765,1.230686,0.803624,0.427062,0.427055,51200
389,1.363092,0.801907,0.561185,0.561181,51200
365,1.146986,0.805209,0.341777,0.341770,51200
493,1.349085,0.810038,0.539047,0.539040,51200
1261,1.308071,0.909454,0.398617,0.398615,51200
11,1.122916,0.802415,0.320501,0.320497,51200
513,1.371750,0.801944,0.569806,0.569804,51200
385,1.372293,0.814693,0.557600,0.557593,51200
769,1.274064,0.802029,0.472035,0.472027,51200
961,1.236473,0.802198,0.434275,0.434271,51200
785,1.365979,0.813861,0.552118,0.552113,51200
913,1.321322,0.802102,0.519220,0.519215,51200
838,1.338040,0.805371,0.532669,0.532662,51200
1222,1.336274,0.802063,0.534211,0.534203,51200
326,1.175038,0.802333,0.372705,0.372700,51200
902,1.379807,0.802911,0.576896,0.576886,51200
198,1.166622,0.802120,0.364502,0.364498,51200
774,1.379001,0.808430,0.570571,0.570567,51200
134,1.254222,0.801887,0.452335,0.452333,51200
710,1.383126,0.802163,0.580963,0.580957,51200
340,1.390064,0.801972,0.588092,0.588092,51200
610,1.387366,0.802361,0.585005,0.584999,51200
162,1.151465,0.802802,0.348663,0.348655,51200
546,1.394177,0.801684,0.592493,0.592490,51200
930,1.222273,0.808279,0.413994,0.413987,51200
802,1.325861,0.802097,0.523764,0.523758,51200
226,1.392092,0.802199,0.589893,0.589889,51200
354,1.348098,0.802411,0.545687,0.545678,51200
290,1.266959,0.802059,0.464900,0.464897,51200
482,1.277239,0.802300,0.474939,0.474934,51200
349,1.349385,0.805307,0.544078,0.544073,51200
761,1.321683,0.805506,0.516177,0.516172,51200
879,1.308901,0.801385,0.507516,0.507515,51200
815,1.350432,0.801724,0.548708,0.548701,51200
1263,1.345733,0.801241,0.544492,0.544486,51200
111,1.264996,0.802263,0.462733,0.462727,51200
958,1.338529,0.802122,0.536407,0.536401,51200
181,1.367130,0.802197,0.564933,0.564931,51200
1013,1.209918,0.802265,0.407653,0.407649,51200
437,1.319845,0.807864,0.511981,0.511974,51200
757,1.323265,0.802151,0.521114,0.521107,51200
501,1.367299,0.801861,0.565438,0.565438,51200
885,1.180299,0.802231,0.378068,0.378064,51200
1077,1.285389,0.801906,0.483483,0.483479,51200
309,1.365884,0.801891,0.563993,0.563987,51200
556,1.397336,0.801954,0.595382,0.595375,51200
1068,1.357422,0.802039,0.555383,0.555375,51200
108,1.358321,0.802340,0.555981,0.555977,51200
684,1.355145,0.808562,0.546583,0.546579,51200
1196,1.266352,0.801858,0.464494,0.464488,51200
172,1.244237,0.802183,0.442054,0.442050,51200
940,1.398945,0.802077,0.596868,0.596864,51200
428,1.403678,0.801951,0.601727,0.601725,51200
748,1.403387,0.801933,0.601454,0.601450,51200
1132,1.159112,0.802186,0.356926,0.356922,51200
236,1.265521,0.803059,0.462462,0.462458,51200
492,1.397573,0.801820,0.595753,0.595748,51200
620,1.403685,0.802123,0.601562,0.601559,51200
1004,1.163635,0.803204,0.360431,0.360429,51200
364,1.174942,0.802186,0.372756,0.372747,51200
300,1.403688,0.801732,0.601956,0.601948,51200
44,1.165280,0.802065,0.363215,0.363210,51200
876,1.357656,0.803058,0.554598,0.554588,51200
369,1.269016,0.802283,0.466733,0.466729,51200
32,1.339445,0.802186,0.537259,0.537254,51200
1058,1.345947,0.801954,0.543993,0.543987,51200
674,1.394116,0.808406,0.585710,0.585705,51200
418,1.394166,0.801928,0.592238,0.592234,51200
1122,1.154458,0.802081,0.352377,0.352370,51200
98,1.349287,0.801937,0.547350,0.547347,51200
994,1.349582,0.802301,0.547281,0.547271,51200
1250,1.150131,0.801565,0.348566,0.348565,51200
1186,1.317217,0.803847,0.513370,0.513365,51200
861,1.345979,0.804319,0.541660,0.541651,51200
186,1.386648,0.801866,0.584782,0.584777,51200
122,1.153119,0.802123,0.350996,0.350987,51200
762,1.343087,0.802167,0.540920,0.540915,51200
698,1.386046,0.801770,0.584276,0.584273,51200
890,1.231388,0.802045,0.429343,0.429335,51200
826,1.389688,0.803585,0.586103,0.586098,51200
250,1.231729,0.802011,0.429718,0.429712,51200
378,1.389083,0.802139,0.586944,0.586939,51200
442,1.252609,0.801961,0.450648,0.450646,51200
1210,1.146148,0.813405,0.332743,0.332740,51200
570,1.382821,0.801900,0.580921,0.580919,51200
506,1.389816,0.802909,0.586907,0.586904,51200
314,1.341948,0.802013,0.539935,0.539928,51200
1146,1.340857,0.802172,0.538685,0.538677,51200
1018,1.363118,0.802125,0.560993,0.560988,51200
954,1.344492,0.807170,0.537322,0.537315,51200
555,1.366629,0.802006,0.564623,0.564618,51200
1094,1.209363,0.802278,0.407085,0.407080,51200
6,1.139340,0.801149,0.338191,0.338185,51200
1158,1.215723,0.802088,0.413635,0.413627,51200
262,1.383134,0.801724,0.581410,0.581404,51200
646,1.284218,0.801717,0.482501,0.482497,51200
1030,1.337701,0.806870,0.530831,0.530824,51200
518,1.335694,0.802006,0.533688,0.533684,51200
390,1.383127,0.803092,0.580035,0.580032,51200
46,1.136443,0.801865,0.334578,0.334574,51200
864,1.456293,0.802219,0.654074,0.654073,51200
8,1.102040,0.802149,0.299891,0.299887,51200
1048,1.121646,0.802092,0.319554,0.319550,51200
1176,1.213876,0.801894,0.411982,0.411981,51200
600,1.340196,0.801009,0.539187,0.539178,51200
1086,1.138456,0.802158,0.336298,0.336296,51200
830,1.384713,0.801760,0.582953,0.582951,51200
702,1.383477,0.801964,0.581513,0.581506,51200
190,1.340751,0.807477,0.533274,0.533272,51200
510,1.384769,0.947554,0.437215,0.437212,51200
382,1.385201,0.802879,0.582322,0.582311,51200
1153,1.324194,0.802031,0.522163,0.522158,51200
1,1.134883,0.801310,0.333573,0.333569,51200
833,1.345445,0.802046,0.543399,0.543395,51200
577,1.371687,0.801866,0.569821,0.569815,51200
129,1.124482,0.802138,0.322344,0.322335,51200
705,1.371151,0.801954,0.569197,0.569193,51200
174,1.285996,0.801743,0.484253,0.484248,51200
949,1.361951,0.801924,0.560027,0.560021,51200
831,1.351374,0.803716,0.547658,0.547652,51200
193,1.283311,0.802156,0.481155,0.481150,51200
65,1.366225,0.802227,0.563998,0.563994,51200
321,1.188353,0.802553,0.385800,0.385793,51200
641,1.325400,0.801885,0.523515,0.523510,51200
1089,1.126083,0.802354,0.323729,0.323726,51200
1217,1.198583,0.802018,0.396565,0.396560,51200
449,1.326116,0.803297,0.522819,0.522816,51200
932,1.262652,0.802287,0.460365,0.460361,51200
1124,1.149893,0.802204,0.347689,0.347688,51200
1188,1.307003,0.801998,0.505005,0.504996,51200
36,1.176444,0.801199,0.375245,0.375241,51200
164,1.145067,0.802030,0.343037,0.343031,51200
484,1.233151,0.802367,0.430784,0.430780,51200
612,1.385056,0.803259,0.581797,0.581794,51200
1060,1.385189,0.809003,0.576186,0.576172,51200
420,1.390005,0.806549,0.583456,0.583454,51200
804,1.272575,0.801960,0.470615,0.470611,51200
292,1.313204,0.803242,0.509962,0.509961,51200
740,1.389048,0.802109,0.586939,0.586935,51200
1252,1.146655,0.801533,0.345122,0.345115,51200
868,1.386540,0.802086,0.584454,0.584450,51200
154,1.251772,0.802000,0.449772,0.449767,51200
645,1.273531,0.802118,0.471413,0.471408,51200
780,1.400348,0.801774,0.598574,0.598572,51200
268,1.400929,0.802125,0.598804,0.598802,51200
1164,1.162151,0.802020,0.360131,0.360124,51200
76,1.165565,0.802012,0.363553,0.363549,51200
204,1.155875,0.803275,0.352600,0.352596,51200
332,1.357774,0.802329,0.555445,0.555440,51200
588,1.401275,0.802233,0.599042,0.599036,51200
972,1.245393,0.802184,0.443209,0.443202,51200
460,1.401802,0.802011,0.599791,0.599787,51200
396,1.355309,0.802232,0.553077,0.553072,51200
844,1.267982,0.802630,0.465352,0.465348,51200
1228,1.285215,0.802201,0.483014,0.483008,51200
415,1.353534,0.802050,0.551484,0.551481,51200
351,1.354006,0.801922,0.552084,0.552081,51200
1247,1.112570,0.802174,0.310396,0.310392,51200
223,1.354461,0.802152,0.552309,0.552309,51200
735,1.351845,0.802062,0.549783,0.549782,51200
991,1.311507,0.802236,0.509271,0.509267,51200
479,1.288623,0.802450,0.486173,0.486169,51200
401,1.228693,0.802273,0.426420,0.426417,51200
440,1.278666,0.801033,0.477633,0.477626,51200
907,1.363346,0.802829,0.560517,0.560516,51200
163,1.119978,0.816917,0.303061,0.303055,51200
1141,1.340072,0.802550,0.537522,0.537515,51200
1160,1.112173,0.807501,0.304672,0.304667,51200
803,1.274669,0.802073,0.472596,0.472594,51200
998,1.314954,0.802227,0.512727,0.512723,51200
270,1.376191,0.802067,0.574124,0.574122,51200
517,1.336365,0.802060,0.534305,0.534301,51200
964,1.176968,0.802314,0.374654,0.374651,51200
1156,1.273568,0.801910,0.471658,0.471653,51200
1035,1.320988,0.802202,0.518786,0.518778,51200
100,1.384716,0.802054,0.582662,0.582656,51200
877,1.309286,0.891772,0.417514,0.417506,51200
109,1.277010,0.806613,0.470397,0.470392,51200
173,1.226207,0.802026,0.424181,0.424175,51200
45,1.111060,0.801889,0.309171,0.309164,51200
1069,1.309382,0.810532,0.498850,0.498847,51200
1133,1.126195,0.807107,0.319088,0.319083,51200
237,1.190805,0.802876,0.387929,0.387926,51200
1005,1.100164,0.804829,0.295335,0.295330,51200
557,1.345687,0.802161,0.543526,0.543523,51200
813,1.327693,0.811148,0.516545,0.516540,51200
301,1.355232,0.801941,0.553291,0.553286,51200
258,1.394598,0.802446,0.592152,0.592151,51200
327,1.160122,0.801998,0.358124,0.358123,51200
519,1.285912,0.801343,0.484569,0.484564,51200
839,1.286829,0.801539,0.485290,0.485285,51200
1031,1.288649,0.802181,0.486468,0.486467,51200
135,1.236717,0.801915,0.434802,0.434795,51200
391,1.333021,0.801920,0.531101,0.531098,51200
967,1.057026,0.806395,0.250631,0.250626,51200
583,1.333463,1.229256,0.104207,0.104202,51200
644,1.321707,0.802379,0.519328,0.519320,51200
516,1.383067,0.802310,0.580757,0.580753,51200
1028,1.364299,0.802770,0.561529,0.561525,51200
1092,1.162817,0.802133,0.360684,0.360683,51200
196,1.227140,0.803499,0.423641,0.423639,51200
56,1.232552,0.801866,0.430686,0.430684,51200
297,1.357492,0.802251,0.555241,0.555238,51200
552,1.348284,0.806685,0.541599,0.541590,51200
276,1.272624,0.812180,0.460444,0.460440,51200
161,1.135083,0.801894,0.333189,0.333183,51200
417,1.371744,0.802038,0.569706,0.569702,51200
1249,1.127498,0.801249,0.326249,0.326245,51200
1185,1.323417,0.807889,0.515528,0.515528,51200
609,1.363681,0.802142,0.561539,0.561537,51200
929,1.168248,0.802863,0.365385,0.365381,51200
33,1.235566,0.801158,0.434408,0.434402,51200
993,1.327147,0.802259,0.524888,0.524884,51200
254,1.340282,0.802171,0.538111,0.538105,51200
233,1.290692,0.893763,0.396929,0.396921,51200
942,1.378168,0.801663,0.576505,0.576503,51200
520,1.301277,0.802443,0.498834,0.498829,51200
671,1.354735,0.801775,0.552960,0.552954,51200
287,1.147913,0.816860,0.331053,0.331047,51200
1036,1.354805,0.808323,0.546482,0.546481,51200
322,1.180249,0.802107,0.378142,0.378138,51200
267,1.365392,0.801924,0.563468,0.563463,51200
221,1.349418,0.806423,0.542995,0.542993,51200
1166,1.140279,0.801999,0.338280,0.338271,51200
1026,1.389848,0.801974,0.587874,0.587868,51200
727,1.232012,0.803059,0.428953,0.428950,51200
312,1.339749,0.801687,0.538062,0.538054,51200
280,1.201384,0.800956,0.400428,0.400422,51200
673,1.371725,0.808719,0.563006,0.563000,51200
1121,1.136184,0.802183,0.334001,0.333992,51200
289,1.214462,0.801909,0.412553,0.412541,51200
353,1.345142,0.802528,0.542614,0.542604,51200
71,1.215615,0.802175,0.413440,0.413433,51200
903,1.330952,0.801978,0.528974,0.528970,51200
273,1.318013,0.801972,0.516041,0.516032,51200
38,1.146564,0.801248,0.345316,0.345312,51200
891,1.233873,0.802205,0.431668,0.431660,51200
90,1.143893,0.803589,0.340304,0.340296,51200
419,1.362743,0.801968,0.560775,0.560766,51200
699,1.361727,0.801863,0.559864,0.559858,51200
607,1.307915,0.802063,0.505852,0.505845,51200
800,1.410517,0.800954,0.609563,0.609561,51200
1090,1.151025,0.801911,0.349114,0.349109,51200
1009,1.114329,0.803270,0.311059,0.311053,51200
422,1.381899,0.802865,0.579034,0.579030,51200
1128,1.102629,0.802316,0.300313,0.300309,51200
1000,1.212802,0.801134,0.411668,0.411664,51200
1256,1.172130,0.801371,0.370759,0.370752,51200
843,1.249070,0.802457,0.446613,0.446607,51200
465,1.365870,0.801958,0.563912,0.563908,51200
62,1.378769,0.802759,0.576010,0.576002,51200
814,1.377686,0.802112,0.575574,0.575567,51200
724,1.320533,0.802257,0.518276,0.518273,51200
1257,1.200658,0.801410,0.399248,0.399246,51200
85,1.121887,0.802414,0.319473,0.319467,51200
59,1.315288,0.801909,0.513379,0.513372,51200
291,1.267448,0.802098,0.465350,0.465349,51200
550,1.381115,0.802173,0.578942,0.578937,51200
672,1.456595,0.801964,0.654631,0.654627,51200
584,1.348216,0.802020,0.546196,0.546190,51200
489,1.331362,0.802193,0.529169,0.529164,51200
870,1.377985,0.802961,0.575024,0.575015,51200
571,1.355709,0.801874,0.553835,0.553830,51200
1003,1.154359,0.802155,0.352204,0.352194,51200
875,1.322589,0.802023,0.520566,0.520558,51200
936,1.320327,0.801982,0.518345,0.518342,51200
151,1.292684,0.802098,0.490586,0.490584,51200
1070,1.337129,0.801826,0.535303,0.535300,51200
443,1.194112,0.801907,0.392205,0.392200,51200
245,1.099506,0.802322,0.297184,0.297179,51200
1080,1.173505,0.800869,0.372636,0.372630,51200
523,1.249725,0.801982,0.447743,0.447734,51200
858,1.386386,0.802279,0.584107,0.584107,51200
2,1.157167,0.801421,0.355746,0.355737,51200
1233,1.282859,0.803440,0.479419,0.479414,51200
1245,1.103743,0.841331,0.262412,0.262407,51200
294,1.355738,0.807902,0.547836,0.547833,51200
5,1.121939,0.801274,0.320665,0.320663,51200
35,1.178223,0.801477,0.376746,0.376740,51200
689,1.317927,0.801740,0.516187,0.516182,51200
1211,1.118310,0.812640,0.305670,0.305665,51200
660,1.390115,0.802021,0.588094,0.588092,51200
66,1.367951,0.803170,0.564781,0.564774,51200
1129,1.113473,0.803099,0.310374,0.310367,51200
558,1.356641,0.807575,0.549066,0.549060,51200
413,1.342818,0.801864,0.540954,0.540951,51200
145,1.362418,0.802094,0.560324,0.560323,51200
1214,1.142266,0.812284,0.329982,0.329980,51200
366,1.209192,0.802651,0.406541,0.406537,51200
282,1.146147,0.802074,0.344073,0.344070,51200
1119,1.188882,0.801500,0.387382,0.387379,51200
159,1.119383,0.801739,0.317644,0.317639,51200
305,1.365218,0.803193,0.562025,0.562017,51200
218,1.386024,0.802877,0.583147,0.583144,51200
568,1.352962,0.801931,0.551031,0.551024,51200
395,1.320304,0.802295,0.518009,0.518007,51200
87,1.113019,0.802083,0.310936,0.310929,51200
1275,1.194400,0.801252,0.393148,0.393145,51200
358,1.265152,0.802094,0.463058,0.463053,51200
1269,1.249728,0.803152,0.446576,0.446571,51200
529,1.357438,0.802089,0.555349,0.555345,51200
264,1.348228,0.802002,0.546226,0.546221,51200
1221,1.284914,0.802242,0.482672,0.482669,51200
1057,1.292885,0.802178,0.490707,0.490702,51200
481,1.283879,0.802080,0.481799,0.481793,51200
1181,1.299931,0.801911,0.498020,0.498017,51200
334,1.377754,0.801987,0.575767,0.575761,51200
497,1.365012,0.802067,0.562945,0.562940,51200
675,1.358792,0.801762,0.557030,0.557021,51200
302,1.383187,0.808024,0.575163,0.575158,51200
318,1.248026,0.802141,0.445885,0.445883,51200
578,1.394724,0.801874,0.592850,0.592845,51200
343,1.360217,0.801943,0.558274,0.558268,51200
1254,1.158269,0.801176,0.357093,0.357085,51200
504,1.371901,0.801972,0.569929,0.569923,51200
1201,1.128085,0.801803,0.326282,0.326280,51200
123,1.118727,0.802001,0.316726,0.316724,51200
686,1.293524,0.801897,0.491627,0.491621,51200
581,1.363185,0.801865,0.561320,0.561317,51200
148,1.362308,0.801985,0.560323,0.560318,51200
328,1.191257,0.802201,0.389056,0.389051,51200
1242,1.152195,0.801417,0.350778,0.350775,51200
1154,1.326723,0.801768,0.524955,0.524954,51200
120,1.128150,0.800924,0.327226,0.327219,51200
285,1.096315,0.802004,0.294311,0.294308,51200
1147,1.284403,0.801883,0.482520,0.482517,51200
974,1.286388,0.802365,0.484023,0.484016,51200
1178,1.260673,0.801826,0.458847,0.458846,51200
215,1.315388,0.802871,0.512517,0.512508,51200
1187,1.266272,0.802037,0.464235,0.464227,51200
392,1.347202,0.801874,0.545328,0.545324,51200
629,1.366484,0.802270,0.564214,0.564211,51200
1198,1.194779,0.803007,0.391772,0.391769,51200
873,1.314045,0.882179,0.431866,0.431863,51200
1150,1.339616,0.942058,0.397558,0.397556,51200
1163,1.126492,0.802291,0.324201,0.324197,51200
919,1.313867,0.802452,0.511415,0.511410,51200
666,1.387780,0.801913,0.585867,0.585862,51200
980,1.385190,0.802040,0.583150,0.583146,51200
450,1.367526,0.802229,0.565297,0.565292,51200
888,1.160316,0.802279,0.358037,0.358025,51200
325,1.135800,0.802731,0.333069,0.333065,51200
53,1.161728,0.802062,0.359666,0.359665,51200
194,1.276962,0.803447,0.473515,0.473512,51200
541,1.349460,0.801800,0.547660,0.547658,51200
1192,1.300825,0.802043,0.498782,0.498778,51200
360,1.211624,0.801070,0.410554,0.410547,51200
808,1.190993,0.802850,0.388143,0.388142,51200
945,1.364450,0.801964,0.562486,0.562477,51200
681,1.311968,0.802104,0.509864,0.509860,51200
58,1.312500,0.801780,0.510720,0.510719,51200
1230,1.313618,0.802145,0.511473,0.511467,51200
224,1.455163,0.801919,0.653244,0.653241,51200
232,1.301018,0.802514,0.498504,0.498497,51200
40,1.112821,0.808530,0.304291,0.304287,51200
1064,1.344724,0.802100,0.542624,0.542621,51200
989,1.317353,0.802333,0.515020,0.515016,51200
878,1.337115,0.802136,0.534979,0.534971,51200
187,1.359095,0.801945,0.557150,0.557144,51200
197,1.175552,0.802085,0.373467,0.373460,51200
663,1.359513,0.801729,0.557784,0.557781,51200
651,1.359914,0.801878,0.558036,0.558030,51200
142,1.378544,0.805035,0.573509,0.573503,51200
352,1.451500,0.802520,0.648980,0.648973,51200
1095,1.175589,0.832338,0.343251,0.343249,51200
755,1.333245,0.802198,0.531047,0.531043,51200
371,1.314986,0.802029,0.512957,0.512949,51200
356,1.323502,0.802278,0.521224,0.521218,51200
31,1.272325,0.801055,0.471270,0.471269,51200
937,1.353494,0.801986,0.551508,0.551502,51200
1032,1.303537,0.801835,0.501702,0.501696,51200
602,1.342038,0.802261,0.539777,0.539776,51200
669,1.349153,0.802542,0.546611,0.546606,51200
168,1.096354,0.802065,0.294289,0.294284,51200
115,1.173991,0.962149,0.211842,0.211836,51200
947,1.355963,0.802108,0.553855,0.553851,51200
599,1.333829,0.801294,0.532535,0.532522,51200
49,1.120182,0.818433,0.301749,0.301743,51200
248,1.156836,0.802150,0.354686,0.354681,51200
337,1.363499,0.803190,0.560309,0.560301,51200
251,1.234027,0.802058,0.431969,0.431962,51200
410,1.343517,0.801960,0.541557,0.541549,51200
901,1.358461,0.802019,0.556442,0.556438,51200
477,1.297553,0.832188,0.465365,0.465364,51200
1120,1.245689,0.801187,0.444502,0.444498,51200
139,1.361326,0.815617,0.545709,0.545701,51200
72,1.211198,0.801970,0.409228,0.409225,51200
1105,1.359995,0.802267,0.557728,0.557718,51200
553,1.358386,0.806823,0.551563,0.551560,51200
962,1.228045,0.801998,0.426047,0.426039,51200
1108,1.342634,0.802013,0.540621,0.540613,51200
430,1.383089,0.803509,0.579580,0.579573,51200
126,1.138073,0.802024,0.336049,0.336045,51200
1114,1.341575,0.802106,0.539469,0.539465,51200
1001,1.191619,0.802251,0.389368,0.389364,51200
1016,1.289404,0.802295,0.487109,0.487104,51200
544,1.456644,0.811140,0.645504,0.645500,51200
1126,1.139526,0.812166,0.327360,0.327358,51200
177,1.338172,0.802122,0.536050,0.536044,51200
1019,1.355016,0.801967,0.553049,0.553045,51200
744,1.347326,0.802204,0.545122,0.545118,51200
488,1.301401,0.803502,0.497899,0.497896,51200
680,1.304640,0.801077,0.503563,0.503555,51200
136,1.271910,0.802053,0.469857,0.469847,51200
821,1.364862,0.802102,0.562760,0.562755,51200
965,1.122389,0.802192,0.320197,0.320190,51200
376,1.357855,0.802230,0.555625,0.555619,51200
547,1.361335,0.802140,0.559195,0.559191,51200
622,1.383225,0.801998,0.581227,0.581222,51200
1047,1.086720,0.802033,0.284687,0.284680,51200
212,1.261725,0.802397,0.459328,0.459325,51200
1137,1.236731,0.802089,0.434642,0.434640,51200
904,1.347925,0.801947,0.545978,0.545971,51200
809,1.230428,0.802052,0.428376,0.428370,51200
971,1.194727,0.802249,0.392478,0.392473,51200
514,1.394257,0.801916,0.592341,0.592335,51200
709,1.362911,0.801946,0.560965,0.560962,51200
474,1.385571,0.802321,0.583250,0.583249,51200
379,1.361338,0.803081,0.558257,0.558252,51200
849,1.207842,0.802164,0.405678,0.405674,51200
934,1.304049,0.801986,0.502063,0.502053,51200
157,1.132607,0.801884,0.330723,0.330716,51200
760,1.331657,0.801034,0.530623,0.530619,51200
608,1.429893,0.802120,0.627773,0.627771,51200
852,1.310888,0.803155,0.507733,0.507730,51200
23,1.352263,0.806518,0.545745,0.545740,51200
373,1.362181,0.801861,0.560320,0.560317,51200
894,1.339732,0.802693,0.537039,0.537033,51200
93,1.173074,0.803645,0.369429,0.369424,51200
983,1.356267,0.804005,0.552262,0.552254,51200
456,1.348229,0.803039,0.545190,0.545182,51200
203,1.121967,0.802559,0.319408,0.319405,51200
361,1.193244,0.803199,0.390045,0.390042,51200
824,1.366163,0.803425,0.562738,0.562731,51200
1157,1.225858,0.807657,0.418201,0.418195,51200
548,1.388752,0.803329,0.585423,0.585416,51200
561,1.318124,0.802417,0.515707,0.515698,51200
986,1.384887,0.802135,0.582752,0.582751,51200
238,1.196983,0.803445,0.393538,0.393530,51200
782,1.380477,0.801931,0.578546,0.578536,51200
614,1.378458,0.801866,0.576592,0.576587,51200
801,1.325691,0.802701,0.522990,0.522986,51200
865,1.371663,0.802236,0.569427,0.569424,51200
138,1.365486,0.802090,0.563396,0.563392,51200
427,1.367679,0.815309,0.552370,0.552366,51200
235,1.249651,0.801885,0.447766,0.447758,51200
1053,1.176097,0.802965,0.373132,0.373126,51200
249,1.195224,0.802235,0.392989,0.392984,51200
1224,1.301873,0.802060,0.499813,0.499810,51200
263,1.333218,0.802342,0.530876,0.530870,51200
227,1.361275,0.804387,0.556888,0.556886,51200
184,1.359113,0.806507,0.552606,0.552600,51200
587,1.365253,0.802085,0.563168,0.563166,51200
81,1.129150,0.802287,0.326863,0.326860,51200
837,1.317741,0.802442,0.515299,0.515292,51200
625,1.363891,0.802037,0.561854,0.561839,51200
642,1.347406,0.802195,0.545211,0.545207,51200
20,1.343094,0.801125,0.541969,0.541964,51200
1248,1.211611,0.801415,0.410196,0.410192,51200
789,1.367863,0.801813,0.566050,0.566044,51200
685,1.285309,0.802344,0.482965,0.482959,51200
749,1.354892,0.807938,0.546954,0.546954,51200
716,1.375331,0.802177,0.573154,0.573148,51200
12,1.158714,0.811360,0.347354,0.347348,51200
1239,1.122645,0.801346,0.321299,0.321290,51200
102,1.377286,0.802118,0.575168,0.575162,51200
846,1.194921,0.802263,0.392658,0.392653,51200
1193,1.289911,0.802824,0.487087,0.487081,51200
545,1.371761,0.801880,0.569881,0.569879,51200
766,1.250473,0.802228,0.448245,0.448240,51200
69,1.265974,0.802228,0.463746,0.463745,51200
1096,1.219517,0.801984,0.417533,0.417528,51200
827,1.361486,0.801659,0.559827,0.559824,51200
593,1.365861,0.802152,0.563709,0.563705,51200
386,1.394734,0.801889,0.592845,0.592843,51200
1059,1.335910,0.801980,0.533930,0.533925,51200
315,1.294689,0.803399,0.491290,0.491285,51200
1144,1.358427,0.802069,0.556358,0.556354,51200
1065,1.354671,0.811841,0.542830,0.542821,51200
1175,1.153565,0.801954,0.351611,0.351605,51200
1236,1.222614,0.802436,0.420178,0.420176,51200
693,1.361774,0.810069,0.551705,0.551702,51200
200,1.111436,0.801169,0.310267,0.310264,51200
453,1.359349,0.802051,0.557298,0.557291,51200
654,1.378455,0.801717,0.576738,0.576731,51200
96,1.360745,0.801933,0.558812,0.558808,51200
532,1.384489,0.802012,0.582477,0.582474,51200
881,1.279752,0.802104,0.477648,0.477640,51200
1117,1.231678,0.803231,0.428447,0.428439,51200
574,1.380693,0.801766,0.578927,0.578924,51200
742,1.380689,0.802076,0.578613,0.578609,51200
26,1.343682,0.801165,0.542517,0.542515,51200
1251,1.119459,0.802360,0.317099,0.317094,51200
791,1.359742,0.802139,0.557603,0.557598,51200
1083,1.120863,0.802148,0.318715,0.318705,51200
745,1.358514,0.802345,0.556169,0.556163,51200
1272,1.282152,0.801381,0.480771,0.480768,51200
817,1.362397,0.801951,0.560446,0.560438,51200
14,1.177751,0.801268,0.376483,0.376474,51200
331,1.289648,0.803441,0.486207,0.486203,51200
1056,1.360840,0.805858,0.554982,0.554979,51200
29,1.222808,0.809582,0.413226,0.413224,51200
1134,1.177722,0.802226,0.375496,0.375488,51200
1223,1.306129,0.803758,0.502371,0.502367,51200
711,1.332710,1.170049,0.162661,0.162655,51200
715,1.358694,0.802294,0.556400,0.556394,51200
398,1.294052,0.802033,0.492019,0.492013,51200
596,1.387805,0.802187,0.585618,0.585611,51200
955,1.316643,0.807021,0.509622,0.509616,51200
776,1.345358,0.807593,0.537765,0.537757,51200
1111,1.314748,0.801898,0.512850,0.512845,51200
952,1.317091,0.804615,0.512476,0.512472,51200
750,1.382470,0.802248,0.580222,0.580219,51200
130,1.170937,0.812491,0.358446,0.358440,51200
209,1.157209,0.802268,0.354941,0.354938,51200
617,1.358440,0.801967,0.556473,0.556471,51200
480,1.389943,0.801034,0.588909,0.588905,51200
113,1.227115,0.802036,0.425079,0.425074,51200
1093,1.157750,0.803362,0.354388,0.354384,51200
1050,1.143851,0.802172,0.341679,0.341673,51200
1218,1.236685,0.802206,0.434479,0.434473,51200
394,1.365420,0.806121,0.559299,0.559294,51200
468,1.389823,0.802201,0.587622,0.587620,51200
632,1.363411,0.803987,0.559424,0.559421,51200
897,1.367436,0.802027,0.565409,0.565402,51200
1082,1.153674,0.802781,0.350893,0.350886,51200
7,1.085856,0.801144,0.284712,0.284707,51200
17,1.237286,0.801466,0.435820,0.435817,51200
416,1.456528,0.801808,0.654720,0.654716,51200
648,1.300799,0.801962,0.498837,0.498835,51200
41,1.121216,0.801840,0.319376,0.319371,51200
565,1.288687,0.802115,0.486572,0.486568,51200
1073,1.319619,0.801954,0.517665,0.517664,51200
507,1.361809,0.802057,0.559752,0.559746,51200
910,1.376953,0.801980,0.574973,0.574966,51200
736,1.453343,0.803036,0.650307,0.650297,51200
638,1.358763,0.802090,0.556673,0.556668,51200
169,1.134521,0.802053,0.332468,0.332464,51200
855,1.355765,0.802058,0.553707,0.553705,51200
718,1.338166,0.802215,0.535951,0.535942,51200
160,1.220548,0.800832,0.419716,0.419709,51200
676,1.382012,0.801699,0.580313,0.580308,51200
95,1.227398,0.802204,0.425194,0.425191,51200
927,1.103917,0.801870,0.302047,0.302043,51200
730,1.341873,0.802523,0.539350,0.539345,51200
230,1.355115,0.802105,0.553010,0.553004,51200
797,1.304329,0.802099,0.502230,0.502228,51200
657,1.361853,0.802078,0.559775,0.559769,51200
424,1.348072,0.801894,0.546178,0.546174,51200
616,1.344760,0.802008,0.542752,0.542750,51200
104,1.344731,0.802133,0.542598,0.542594,51200
753,1.361296,0.802333,0.558963,0.558959,51200
1025,1.367655,0.802027,0.565628,0.565624,51200
257,1.368630,0.802168,0.566462,0.566459,51200
712,1.348124,0.802251,0.545873,0.545871,51200
110,1.286046,0.802437,0.483609,0.483603,51200
928,1.230033,0.803130,0.426903,0.426899,51200
770,1.315564,0.802111,0.513453,0.513450,51200
1172,1.145853,0.804072,0.341781,0.341778,51200
977,1.339173,0.802016,0.537157,0.537151,51200
1220,1.294559,0.802373,0.492186,0.492181,51200
772,1.364057,0.802047,0.562010,0.562002,51200
128,1.208909,0.803834,0.405075,0.405067,51200
107,1.340635,0.802155,0.538480,0.538477,51200
377,1.367606,0.803058,0.564548,0.564544,51200
633,1.367666,0.802313,0.565353,0.565347,51200
1139,1.281579,0.802694,0.478885,0.478883,51200
1267,1.264837,0.991742,0.273095,0.273092,51200
199,1.096861,0.801464,0.295397,0.295394,51200
647,1.254495,0.801909,0.452586,0.452583,51200
872,1.322016,0.801934,0.520082,0.520081,51200
296,1.345080,0.803291,0.541789,0.541784,51200
140,1.400965,0.802159,0.598806,0.598800,51200
908,1.397976,0.802183,0.595793,0.595789,51200
721,1.319313,0.801992,0.517321,0.517317,51200
898,1.390727,0.808470,0.582257,0.582251,51200
590,1.380660,0.802163,0.578497,0.578486,51200
346,1.387902,0.802060,0.585842,0.585838,51200
279,1.175066,0.808814,0.366252,0.366246,51200
494,1.380624,0.802232,0.578392,0.578381,51200
433,1.362830,0.802004,0.560826,0.560817,51200
538,1.389252,0.812372,0.576880,0.576871,51200
968,1.096959,0.802601,0.294358,0.294356,51200
806,1.214791,0.802168,0.412623,0.412618,51200
78,1.146447,0.801976,0.344471,0.344463,51200
992,1.412537,0.802419,0.610118,0.610110,51200
1099,1.318490,0.802037,0.516453,0.516447,51200
68,1.313822,0.802399,0.511423,0.511419,51200
1022,1.380763,0.801914,0.578849,0.578847,51200
1006,1.109011,0.802056,0.306955,0.306949,51200
206,1.114159,0.802296,0.311863,0.311859,51200
84,1.146433,0.802263,0.344170,0.344166,51200
580,1.391362,0.801806,0.589556,0.589552,51200
1197,1.187508,0.801977,0.385531,0.385528,51200
621,1.355211,0.805170,0.550041,0.550038,51200
941,1.349993,0.801635,0.548358,0.548354,51200
429,1.355183,0.802045,0.553138,0.553129,51200
455,1.332489,0.802142,0.530347,0.530344,51200
228,1.388239,0.802360,0.585879,0.585871,51200
925,1.130782,0.807578,0.323204,0.323198,51200
535,1.359276,0.801705,0.557571,0.557562,51200
526,1.304082,0.815515,0.488567,0.488561,51200
840,1.302054,0.801066,0.500988,0.500982,51200
1278,1.148597,0.801008,0.347589,0.347585,51200
1041,1.178538,0.801979,0.376559,0.376555,51200
1184,1.430262,0.801962,0.628300,0.628297,51200
1265,1.319273,0.801544,0.517729,0.517725,51200
834,1.350367,0.802120,0.548247,0.548243,51200
97,1.295149,0.802953,0.492196,0.492191,51200
737,1.368515,0.801924,0.566591,0.566588,51200
225,1.369921,0.802201,0.567720,0.567717,51200
407,1.232534,0.801925,0.430609,0.430605,51200
1102,1.378453,0.802981,0.575472,0.575465,51200
64,1.453062,0.802300,0.650762,0.650757,51200
1055,1.226725,0.802026,0.424699,0.424695,51200
799,1.310150,0.801255,0.508895,0.508890,51200
856,1.382883,0.801961,0.580922,0.580915,51200
408,1.289305,0.807693,0.481612,0.481603,51200
88,1.139266,0.802026,0.337240,0.337238,51200
344,1.386588,0.802087,0.584501,0.584494,51200
1274,1.253160,0.801287,0.451873,0.451870,51200
